0.141955
0.142857
0.141955
0.139272
0.134874
0.12887
0.121407
0.11267
0.102874
0.0922636
0.0811005
0.0696624
0.0582344
0.0471018
0.036544
0.0268269
0.0181969
0.0108744
0.00504878
0.000873126
-0.00153927
-0.00211807
-0.000837768
0.00228137
0.00717358
0.0137289
0.0217954
0.031183
0.0416672
0.052995
0.0648902
0.0770603
0.0892032
0.101015
0.112197
0.122462
0.131544
0.139202
0.145228
0.149453
0.151747
0.152031
0.150269
0.14648
0.140729
0.133133
0.123855
0.113101
0.101119
0.0881886
0.0746175
0.0607347
0.0468822
0.033407
0.0206531
0.00895287
-0.001381
-0.0100633
-0.0168439
-0.0215139
-0.0239121
-0.0239293
-0.0215122
-0.0166656
-0.00945396
-5.68623e-07
0.0115136
0.0248532
0.0397324
0.055821
0.0727508
0.0901233
0.107518
0.124504
0.140644
0.155513
0.1687
0.179823
0.188537
0.194545
0.197602
0.197526
0.194205
0.187596
0.177735
0.164735
0.148786
0.130156
0.109185
0.0862824
0.0619197
0.0366225
0.0109616
-0.0144569
-0.0390035
-0.0620367
-0.0829158
-0.101014
-0.11573
-0.126504
-0.132823
-0.134241
-0.130382
-0.120954
-0.105754
-0.0846748
-0.0577105
-0.0249584
0.0133799
0.057
0.105498
0.158374
0.215041
0.274834
0.337017
0.400797
0.465336
0.529767
0.593205
0.654763
0.713569
0.76878
0.819594
0.86527
0.905133
0.938594
0.965154
0.984415
0.996089
1
0.99609
0.984418
0.965159
0.938601
0.905141
0.865279
0.819605
0.768791
0.713581
0.654776
0.593218
0.529781
0.46535
0.400811
0.337031
0.274847
0.215054
0.158386
0.105509
0.05701
0.0133888
-0.0249507
-0.057704
-0.0846696
-0.10575
-0.120952
-0.130381
-0.134241
-0.132824
-0.126505
-0.115733
-0.101017
-0.0829201
-0.0620415
-0.0390087
-0.0144624
0.0109561
0.0366169
0.0619143
0.0862773
0.10918
0.130151
0.148782
0.164732
0.177733
0.187594
0.194204
0.197526
0.197602
0.194546
0.188539
0.179825
0.168702
0.155516
0.140648
0.124507
0.107522
0.0901271
0.0727545
0.0558246
0.0397358
0.0248562
0.0115163
1.70591e-06
-0.00945215
-0.0166643
-0.0215114
-0.023929
-0.0239123
-0.0215146
-0.0168451
-0.010065
-0.00138307
0.00895047
0.0206505
0.0334042
0.0468792
0.0607317
0.0746145
0.0881857
0.101117
0.113099
0.123852
0.133131
0.140727
0.146478
0.150269
0.15203
0.151748
0.149453
0.145229
0.139203
0.131545
0.122464
0.112199
0.101017
0.0892058
0.0770629
0.0648928
0.0529976
0.0416696
0.0311851
0.0217973
0.0137305
0.00717482
0.00228224
-0.000837291
-0.00211799
-0.0015396
0.00087241
0.0050477
0.010873
0.0181952
0.0268249
0.0365418
0.0470995
0.0582319
0.06966
0.081098
0.0922612
0.102872
0.112668
0.121405
0.128868
0.134873
0.139272
0.141955
0.142857
0.141956
