0.12887
0.142857
0.12887
0.0922636
0.0471018
0.0108744
-0.00211807
0.0137289
0.052995
0.101015
0.139202
0.152031
0.133133
0.0881886
0.033407
-0.0100633
-0.0239293
-5.68623e-07
0.055821
0.124504
0.179823
0.197526
0.164735
0.0862824
-0.0144569
-0.101014
-0.134241
-0.0846748
0.057
0.274834
0.529767
0.76878
0.938594
1
0.938601
0.768791
0.529781
0.274847
0.05701
-0.0846696
-0.134241
-0.101017
-0.0144624
0.0862773
0.164732
0.197526
0.179825
0.124507
0.0558246
1.70591e-06
-0.023929
-0.010065
0.0334042
0.0881857
0.133131
0.15203
0.139203
0.101017
0.0529976
0.0137305
-0.00211799
0.010873
0.0470995
0.0922612
0.128868
0.142857
0.128871
