-0.763636
-0.745455
-0.745455
-0.727272
-0.709091
-0.709091
-0.690909
-0.690909
-0.672727
-0.672727
-0.672727
-0.672727
-0.672727
-0.672727
-0.672727
-0.690909
-0.690909
-0.690909
-0.690909
-0.690909
-0.690909
-0.690909
-0.690909
-0.672727
-0.672727
-0.516785
-0.454016
-0.391247
-0.304939
-0.218632
-0.140171
-0.0617098
0.0167514
0.0952126
0.173674
0.252135
0.32275
0.597364
0.0795203
-0.0146331
-0.469708
-0.375554
-0.265709
-0.171555
-0.140171
-0.108786
-0.077402
-0.0303253
0.0167514
0.0376744
0.0585974
0.0795203
0.110905
0.142289
0.173674
0.205058
0.23252
0.259981
0.287442
0.314904
0.361981
0.409057
0.440442
0.471826
0.503211
0.534595
0.56598
0.518903
0.490657
0.462411
0.434165
0.405919
0.377673
0.35675
0.335827
0.314904
0.293981
0.273058
0.252135
0.241673
0.231212
0.22075
0.210289
0.199828
0.189366
0.178905
0.168443
0.157982
0.14752
0.137059
0.126597
0.118751
0.110905
0.103059
0.0952126
0.0873665
0.0795203
0.0716742
0.0638281
0.055982
0.0481359
0.0402898
0.0324436
0.0261668
0.0198899
0.013613
0.00733607
0.00105918
-0.00521772
-0.0114946
-0.0177715
-0.0240484
-0.0303253
-0.034605
-0.0388847
-0.0431644
-0.0474441
-0.0517238
-0.0560035
-0.0602832
-0.0645629
-0.0688426
-0.0731223
-0.077402
-0.078609
-0.0798161
-0.0810232
-0.0822303
-0.0834374
-0.0846445
-0.0858516
-0.0870587
-0.0882658
-0.0894729
-0.09068
-0.0918871
-0.0930942
-0.0930942
-0.0930942
-0.0930942
-0.0930942
-0.0930942
-0.0930942
-0.0930942
-0.0878635
-0.0826328
-0.077402
-0.0721713
-0.0669405
-0.0617098
-0.035556
-0.00940232
0.0167514
0.0376744
0.0585974
0.0795203
0.118751
0.157982
0.178905
0.199827
0.22075
0.240366
0.259981
0.279596
0.299212
0.308627
0.318042
0.327458
0.336873
0.346288
0.358057
0.369827
0.381596
0.393365
0.401211
0.409057
0.416903
0.424749
0.432596
0.440442
0.448288
0.456134
0.46398
0.471826
0.474965
0.478103
0.481242
0.48438
0.487518
0.487518
0.487518
0.471826
0.456134
0.440442
0.424749
0.409057
0.393365
0.377673
0.361981
0.346288
0.346288
0.346288
0.314904
0.314904
0.314904
0.324319
0.333735
0.34315
0.352565
0.361981
0.37375
0.385519
0.397288
0.409057
0.419519
0.42998
0.440442
0.446719
0.452995
0.459272
0.465549
0.471826
0.471826
0.471826
0.471826
0.487518
0.503211
0.503211
0.503211
0.503211
0.503211
0.503211
0.503211
0.503211
0.503211
0.503211
0.487518
0.487518
0.440442
0.409057
0.409057
0.409057
0.393365
0.393365
0.377673
0.346288
0.346288
0.189366
0.142289
0.0952126
0.0638281
0.0324436
0.0324436
0.0167514
0.0167514
0.0167514
-0.0146331
-0.0303253
-0.0460175
