0.471826
0.471826
0.471826
0.471826
0.471826
0.471826
0.471826
0.471826
0.471826
0.471826
0.471826
0.471826
0.471826
0.466595
0.461365
0.456134
0.440442
0.424749
0.416903
0.409057
0.393365
0.377673
0.369827
0.361981
0.346288
0.330596
0.314904
0.267827
0.252135
0.236443
0.22075
0.205058
0.189366
0.165828
0.142289
0.0952126
0.0716742
0.0481359
0.0324436
0.00105917
-0.0303253
-0.0930942
-0.140171
-0.163709
-0.187248
-0.234324
-0.265709
-0.297093
-0.320632
-0.34417
-0.383401
-0.422631
-0.469708
-0.493246
-0.516785
-0.595246
-0.610938
-0.62663
-0.642322
-0.658015
-0.673707
-0.689399
-0.699861
-0.710322
-0.720784
-0.726014
-0.731245
-0.736476
-0.746937
-0.757399
-0.76786
-0.76786
-0.76786
-0.76786
-0.76786
-0.76786
-0.76786
-0.76786
-0.76786
-0.76786
-0.76786
-0.76786
-0.76786
-0.76786
-0.76786
-0.76786
-0.76786
-0.76786
-0.76786
-0.76786
-0.76786
-0.76786
-0.76786
-0.76786
-0.76786
-0.76786
-0.76786
-0.76786
-0.76786
-0.76786
-0.76786
-0.76786
-0.76786
-0.76786
-0.76786
-0.76786
-0.76786
-0.76786
-0.76786
-0.764722
-0.761583
-0.758445
-0.755307
-0.752168
-0.752168
-0.752168
-0.752168
-0.752168
-0.736476
-0.736476
-0.736476
-0.736476
-0.720784
-0.673707
-0.658015
-0.642322
-0.610938
-0.563861
-0.548169
-0.524631
-0.501092
-0.399093
-0.375554
-0.328478
-0.297093
-0.273555
-0.250017
-0.155863
-0.140171
-0.116633
-0.0930942
-0.0146331
0.0324436
0.0638281
0.0952126
0.126597
0.189366
0.205058
0.252135
0.267827
0.314904
0.330596
0.346288
0.35675
0.367211
0.377673
0.393365
0.403827
0.414288
0.424749
0.42998
0.435211
0.440442
0.450903
0.461365
0.471826
0.481242
0.490657
0.500072
0.509488
0.518903
0.528318
0.537734
0.547149
0.556564
0.56598
0.569903
0.573826
0.577749
0.581672
0.592133
0.602595
0.613056
0.613056
0.613056
0.613056
0.613056
0.613056
0.613056
0.613056
0.613056
0.613056
0.613056
0.613056
0.607826
0.602595
0.597364
0.586903
0.576441
0.56598
0.558133
0.550287
0.539826
0.529364
0.518903
0.508441
0.49798
0.487518
0.482288
0.477057
0.471826
0.456134
0.440442
0.424749
0.415334
0.405919
0.396504
0.387088
0.377673
0.361981
0.346288
0.330596
0.314904
0.304442
0.293981
0.283519
0.273058
0.262596
0.252135
0.236443
0.22075
0.205058
0.189366
0.173674
0.126597
0.0952126
0.0638281
-0.0460175
-0.077402
-0.108786
-0.187248
-0.328478
-0.422631
-0.4854
-0.563861
-0.583477
-0.603092
-0.622707
-0.642322
-0.670568
-0.698815
-0.727061
-0.755307
-0.783553
-0.814937
-0.846321
-0.877706
-0.940475
-0.987552
