0.847385
0.847385
0.847385
0.847385
0.847385
0.847385
0.847385
0.847385
0.847385
0.847385
0.847385
0.847385
0.847385
0.847385
0.863077
0.863077
0.863077
0.863077
0.863077
0.863077
0.863077
0.863077
0.863077
0.863077
0.863077
0.863077
0.863077
0.863077
0.863077
0.863077
0.863077
0.863077
0.863077
0.863077
0.863077
0.863077
0.831692
0.847385
0.847385
0.847385
0.847385
0.847385
0.847385
0.847385
0.847385
0.847385
0.847385
0.847385
0.847385
0.847385
0.847385
0.847385
0.847385
0.847385
0.847385
0.847385
0.863077
0.847385
0.847385
0.847385
0.847385
0.847385
0.847385
-0.800308
-0.784615
-0.784615
-0.784615
-0.784615
-0.784615
-0.784615
-0.784615
-0.784615
-0.784615
-0.784615
-0.784615
-0.784615
-0.784615
-0.784615
-0.784615
-0.784615
-0.784615
-0.784615
-0.784615
-0.784615
-0.784615
-0.784615
-0.784615
-0.784615
-0.784615
-0.784615
-0.784615
-0.784615
-0.784615
-0.784615
-0.768923
-0.784615
-0.784615
-0.784615
-0.784615
-0.784615
-0.784615
-0.784615
-0.784615
-0.784615
-0.784615
-0.784615
-0.784615
-0.784615
-0.768923
-0.784615
-0.784615
-0.784615
-0.784615
-0.784615
-0.784615
-0.784615
-0.784615
-0.784615
-0.784615
-0.784615
-0.784615
-0.784615
-0.784615
-0.784615
-0.800308
-0.800308
-0.800308
-0.800308
-0.800308
-0.800308
-0.800308
