-0.659077
-0.643385
-0.643385
-0.627692
-0.612
-0.612
-0.596308
-0.596308
-0.580615
-0.580615
-0.580615
-0.580615
-0.580615
-0.580615
-0.580615
-0.596308
-0.596308
-0.596308
-0.596308
-0.596308
-0.596308
-0.596308
-0.596308
-0.580615
-0.580615
-0.580615
-0.580615
-0.580615
-0.580615
-0.580615
-0.580615
-0.564923
-0.549231
-0.549231
-0.533538
-0.517846
-0.517846
-0.517846
-0.517846
-0.517846
-0.517846
-0.517846
-0.517846
-0.533538
-0.549231
-0.580615
-0.580615
0.847385
0.847385
0.847385
0.847385
0.847385
0.847385
0.847385
0.847385
0.847385
0.863077
0.847385
0.847385
0.847385
0.847385
0.847385
0.847385
-0.800308
-0.784615
-0.784615
-0.784615
-0.784615
-0.784615
-0.784615
-0.784615
-0.784615
-0.784615
-0.784615
-0.784615
-0.784615
-0.784615
-0.784615
-0.784615
-0.784615
-0.784615
-0.784615
-0.784615
-0.784615
-0.784615
-0.784615
-0.784615
-0.784615
-0.784615
-0.784615
-0.784615
-0.784615
-0.784615
-0.784615
-0.768923
-0.784615
-0.784615
-0.784615
-0.784615
-0.784615
-0.784615
-0.784615
-0.784615
-0.784615
-0.784615
-0.784615
-0.784615
-0.784615
-0.768923
-0.784615
-0.784615
-0.784615
-0.784615
-0.784615
-0.784615
-0.784615
-0.784615
-0.784615
-0.784615
-0.784615
-0.784615
-0.784615
-0.784615
-0.784615
-0.800308
-0.800308
-0.800308
-0.800308
-0.800308
-0.800308
-0.800308
