-0.254967
0
0.254967
0.491813
0.694446
0.850567
0.952939
0.999999
0.995747
0.948948
0.871766
0.778033
0.681408
0.593663
0.523343
0.474961
0.448809
0.441386
0.44634
0.45577
0.46166
0.457223
0.437967
0.402311
0.351693
0.290164
0.223569
0.158448
0.100863
0.0553456
0.0241273
0.00679241
0.000392086
-1.74814e-08
-0.000391954
-0.00679181
-0.024126
-0.0553435
-0.10086
-0.158444
-0.223565
-0.290161
-0.35169
-0.402309
-0.437966
-0.457223
-0.46166
-0.455771
-0.44634
-0.441386
-0.448809
-0.474959
-0.52334
-0.593658
-0.681403
-0.778028
-0.871761
-0.948944
-0.995745
-1
-0.952944
-0.850574
-0.694456
-0.491825
-0.254981
-1.39502e-05
0.254954
