-0.648713
-0.577283
-0.534425
-0.491567
-0.448709
-0.377279
-0.33442
-0.291562
-0.26299
-0.234418
-0.205846
-0.177274
-0.155845
-0.134416
-0.105844
-0.105844
-0.0915577
-0.0772716
-0.0772716
-0.0772716
-0.0772716
-0.0629856
-0.0486996
-0.0486996
-0.0201275
-0.0201275
-0.0201275
-0.0129845
-0.00584143
0.0370167
0.0798748
0.122733
0.179877
0.294165
0.394168
0.42274
0.465598
0.508456
0.522742
0.537028
0.537028
0.537028
0.537028
0.522742
0.522742
0.508456
0.508456
0.476593
0.433735
0.390877
0.305161
0.262303
0.219445
0.133728
0.105156
0.0480122
-0.00913194
-0.0948482
-0.114302
-0.142874
-0.15716
-0.228591
-0.257163
-0.442881
-0.457167
-0.500025
-0.542884
