-0.315813
-0.172953
-0.101523
0.0413378
0.112768
0.184198
0.241342
0.298487
0.355631
0.455633
0.484205
0.527063
0.541349
0.541349
0.541349
0.512777
0.498491
0.484205
0.455633
0.427061
0.384203
0.312773
0.269915
0.184198
0.0699099
-0.0443784
-0.101523
-0.144381
-0.201525
-0.244383
-0.258669
-0.301527
-0.330099
-0.258669
-0.158667
-0.115809
-0.101523
-0.0872365
-0.0872365
-0.0872365
-0.115809
-0.187239
-0.244383
-0.287241
-0.258669
-0.201525
-0.0872365
-0.0300924
0.0270518
0.084196
0.155626
0.227056
0.327059
0.398489
0.398489
0.455633
0.455633
0.455633
0.427061
0.341345
0.327059
0.227056
0.127054
0.0699099
0.0270518
-0.0443784
-0.101523
